0.006644
0.004802
0.005867
0.007001
0.028704
0.015415
0.033387
0.015247
0.004692
0.014815
0.007376
0.006573
0.023157
0.024245
0.012357
0.015752
0.010337
0.032215
0.016070
0.014100
0.014282
0.014393
0.014916
0.008016
0.036768
0.045019
0.017495
0.039331
0.014537
0.015272
0.029654
0.017501
0.010737
0.022926
0.010031
0.004692
0.007138
0.010112
0.013986
0.023470
0.013377
0.014548
0.019206
0.016883
0.012592
0.014270
0.021836
0.014293
0.009332
0.013082
0.010836
0.010317
0.010610
0.011327
0.008448
0.009222
0.015211
0.011992
0.020581
0.011873
0.031690
0.012044
0.013212
0.010362
0.012341
0.011676
0.012853
0.034893
