2016.704956 -46.345371
2016.771973 3.251875
2016.836060 8.694574
2016.901978 1.259881
2016.968994 0.000000
2017.032959 38.571430
2017.097046 -21.505180
2017.130005 -77.328590
2017.168945 -123.502098
2017.202026 20.705669
2017.234985 -4.355413
2017.265991 -7.562456
2017.298950 -22.277451
2017.333008 -26.385771
2017.365967 35.175850
2017.399048 -66.213409
2017.430054 19.731760
2017.463013 -38.188271
2017.495972 -67.239319
2017.530029 -54.241581
2017.562988 -55.941380
2017.593994 13.048220
2017.626953 -34.741100
2017.660034 -29.274780
2017.691040 -17.860991
2017.740967 20.900351
2017.758057 -42.733662
2017.775024 -8.309797
2017.791016 -36.858219
2017.807007 18.726839
2017.823975 12.287090
2017.838989 25.478411
2017.854980 -51.468510
2017.871948 -27.330660
2017.887939 19.359859
2017.905029 -17.475121
2017.921997 -51.480270
2017.938965 -18.929970
2017.954956 -38.517170
2017.970947 23.891331
2017.988037 -109.254898
2018.003052 32.859489
2018.019043 -42.752319
2018.036011 20.830530
2018.052002 29.607750
2018.067993 -84.156090
2018.099976 -41.162819
2018.115967 21.458300
2018.133057 -16.813049
2018.149048 -65.411003
2018.171997 11.630240
2018.188965 -133.787506
2018.204956 -17.284830
2018.220947 -137.261703
2018.238037 -106.454697
2018.253052 -51.670818
2018.286011 -9.828393
2018.302002 -157.011200
2018.317993 -37.230690
2018.336060 -11.873950
2018.353027 -47.359718
2018.369019 -18.437771
2018.401978 -33.168221
2018.416992 -102.398102
2018.432983 -122.029999
2018.449951 5.472925
2018.465942 -118.179001
2018.482056 -12.600820
