          11  20160915            4   2016.705       1.375571      -46.34537    
          12  20161009            5   2016.772       1.442466       3.251875    
          13  20161102            4   2016.836       1.506621       8.694574    
          14  20161126            5   2016.902       1.572374       1.259881    
          15  20161220           10   2016.969       1.639269      0.0000000E+00
          16  20170113           13   2017.033       1.703425       38.57143    
          17  20170206            9   2017.097       1.767580      -21.50518    
          18  20170218           12   2017.130       1.800457      -77.32859    
          19  20170302            9   2017.169       1.839954      -123.5021    
          20  20170314           21   2017.202       1.872831       20.70567    
          21  20170326           12   2017.235       1.905708      -4.355413    
          22  20170407           13   2017.266       1.936986      -7.562456    
          23  20170419           14   2017.299       1.969863      -22.27745    
          24  20170501           14   2017.333       2.003881      -26.38577    
          25  20170513           15   2017.366       2.036758       35.17585    
          26  20170525           11   2017.399       2.069635      -66.21341    
          27  20170606            7   2017.430       2.100913       19.73176    
          28  20170618            5   2017.463       2.133790      -38.18827    
          29  20170630            5   2017.496       2.166667      -67.23932    
          30  20170712            6   2017.530       2.200685      -54.24158    
          31  20170724            6   2017.563       2.233562      -55.94138    
          32  20170805            4   2017.594       2.264840       13.04822    
          33  20170817            3   2017.627       2.297717      -34.74110    
          34  20170829            6   2017.660       2.330594      -29.27478    
          35  20170910            9   2017.691       2.361872      -17.86099    
          36  20170928            8   2017.741       2.411187       20.90035    
          37  20171004            8   2017.758       2.428767      -42.73366    
          38  20171010            6   2017.775       2.445205      -8.309797    
          39  20171016            6   2017.791       2.461644      -36.85822    
          40  20171022            6   2017.807       2.478082       18.72684    
          41  20171028           11   2017.824       2.494521       12.28709    
          42  20171103           11   2017.839       2.509361       25.47841    
          43  20171109            8   2017.855       2.525799      -51.46851    
          44  20171115           15   2017.872       2.542238      -27.33066    
          45  20171121           10   2017.888       2.558676       19.35986    
          46  20171127           15   2017.905       2.575114      -17.47512    
          47  20171203           27   2017.922       2.592694      -51.48027    
          48  20171209           20   2017.939       2.609133      -18.92997    
          49  20171215           21   2017.955       2.625571      -38.51717    
          50  20171221           17   2017.971       2.642009       23.89133    
          51  20171227           14   2017.988       2.658448      -109.2549    
          52  20180102           16   2018.003       2.673288       32.85949    
          53  20180108           23   2018.019       2.689726      -42.75232    
          54  20180114           23   2018.036       2.706164       20.83053    
          55  20180120           27   2018.052       2.722603       29.60775    
          56  20180126           28   2018.068       2.739041      -84.15609    
          57  20180207           20   2018.100       2.770320      -41.16282    
          58  20180213           28   2018.116       2.786758       21.45830    
          59  20180219           20   2018.133       2.803196      -16.81305    
          60  20180225           27   2018.149       2.819635      -65.41100    
          61  20180303           23   2018.172       2.842694       11.63024    
          62  20180309           17   2018.189       2.859133      -133.7875    
          63  20180315           20   2018.205       2.875571      -17.28483    
          64  20180321           16   2018.221       2.892009      -137.2617    
          65  20180327           20   2018.238       2.908448      -106.4547    
          66  20180402           18   2018.253       2.923288      -51.67082    
          67  20180414           18   2018.286       2.956164      -9.828393    
          68  20180420           19   2018.302       2.972603      -157.0112    
          69  20180426           18   2018.318       2.989041      -37.23069    
          70  20180502           16   2018.336       3.006621      -11.87395    
          71  20180508           21   2018.353       3.023059      -47.35972    
          72  20180514           22   2018.369       3.039498      -18.43777    
          73  20180526            8   2018.402       3.072374      -33.16822    
          74  20180601            9   2018.417       3.087215      -102.3981    
          75  20180607            6   2018.433       3.103653      -122.0300    
          76  20180613            4   2018.450       3.120091       5.472925    
          77  20180619            3   2018.466       3.136530      -118.1790    
          78  20180625            3   2018.482       3.152968      -12.60082    
