1.246846400226119533e-01
1.246846400226119533e-01
1.665753372054970260e-01
6.259809929792465866e-01
4.660954701892216501e-01
5.938406535848852474e-01
5.930926157600869830e-01
7.500340079389224979e-01
6.509547314282665420e-01
4.668808327283422988e-01
4.282784365870509480e-01
5.459559592521432414e-01
6.477904579324816892e-01
5.799417470375530792e-01
2.347328334131222050e-01
2.170290758999088021e-01
2.403251966816659368e-01
4.075497918257044994e-01
3.593455148035188396e-01
4.088714581801674020e-01
4.659369269935970115e-01
5.160140482957836783e-01
5.858206464344428710e-01
6.309940760383753178e-01
6.338692469021399711e-01
7.005916237975221561e-01
7.041245780121361264e-01
6.800160255777040197e-01
7.011299271218449647e-01
6.989051177767918732e-01
7.522397232289050883e-01
7.411433343414726149e-01
8.822243946670688119e-01
8.619111324445800637e-01
8.874046254368710418e-01
9.792644565011544566e-01
9.276562635915415189e-01
8.561095836133967296e-01
8.810377041364371165e-01
8.546221435701237823e-01
8.906341933233403729e-01
8.207991960603187032e-01
9.156542923814627866e-01
1.000000000000000000e+00
8.282333348560386721e-01
8.262535260990011565e-01
8.773338898277192044e-01
8.104518079599719593e-01
8.620808576491021391e-01
8.792648306062174068e-01
9.264621901810705662e-01
8.633533138440768750e-01
8.314247300962055442e-01
9.082722865453035643e-01
9.337801756424602972e-01
9.219006817406923959e-01
9.508689099681506551e-01
9.050184843196006357e-01
8.413922899707924064e-01
8.116755296171166423e-01
8.155651630379727735e-01
8.295996743478405433e-01
9.046107861731937927e-01
8.612104548470891352e-01
8.151779511590416805e-01
8.440399424139983786e-01
8.171426649670752163e-01
8.217450228097246123e-01
