1.544711142778396606e-01
1.081279292702674866e-01
7.959517836570739746e-02
-1.265733242034912109e-01
-5.426993966102600098e-02
-1.119134202599525452e-01
-1.104409098625183105e-01
-1.819748878479003906e-01
-1.379696130752563477e-01
-5.495295673608779907e-02
-3.711118921637535095e-02
-8.986558020114898682e-02
-1.336543262004852295e-01
-1.017785519361495972e-01
7.054988294839859009e-02
1.042711213231086731e-01
1.365643143653869629e-01
2.431332878768444061e-02
1.866367906332015991e-01
1.454078704118728638e-01
1.650260835886001587e-01
1.379536837339401245e-01
7.071956992149353027e-02
2.421764433383941650e-01
1.160607486963272095e-01
2.489534169435501099e-01
2.506153583526611328e-01
1.291309148073196411e-01
6.978643685579299927e-02
8.438342809677124023e-02
1.738977618515491486e-02
3.296508267521858215e-02
-9.453843533992767334e-02
-7.568631321191787720e-02
-9.648832678794860840e-02
-1.580033302307128906e-01
-1.230335235595703125e-01
-6.953153759241104126e-02
-8.784101903438568115e-02
-6.336051970720291138e-02
-9.475500881671905518e-02
-3.784900531172752380e-02
-1.101046726107597351e-01
-1.676853895187377930e-01
-4.497141018509864807e-02
-4.369210451841354370e-02
-8.373792469501495361e-02
-2.936160564422607422e-02
-7.461530715227127075e-02
-8.750160038471221924e-02
-1.219895929098129272e-01
-6.589917838573455811e-02
-2.999148517847061157e-02
-9.697379916906356812e-02
-1.137667670845985413e-01
-9.992797672748565674e-02
-1.153864637017250061e-01
-7.468234747648239136e-02
9.750876575708389282e-03
8.214750140905380249e-02
1.191323399543762207e-01
3.540568053722381592e-02
-6.403852999210357666e-02
-1.478887908160686493e-02
1.157273426651954651e-01
2.085062116384506226e-01
1.331032216548919678e-01
1.281667053699493408e-01
